Rangsdorf=52.251556,13.346500,0.0,0
Treuenbrietzen=52.082054415180906,12.893538058887206,0.0,0
Wildau=52.318440923540294,13.63016337173891,0.0,0
